X,	Y,	Z,	Resultado	
-2,	-2,	-2,	9.88279	
-2,	-2,	-1.5,	10.6964	
-2,	-2,	-1,	11.4186	
-2,	-2,	-0.5,	11.9295	
-2,	-2,	0,	12.116	
-2,	-2,	0.5,	11.9305	
-2,	-2,	1,	11.4203	
-2,	-2,	1.5,	10.6983	
-2,	-2,	2,	9.88463	
-2,	-1.5,	-2,	10.6934	
-2,	-1.5,	-1.5,	11.7468	
-2,	-1.5,	-1,	12.724	
-2,	-1.5,	-0.5,	13.4424	
-2,	-1.5,	0,	13.7108	
-2,	-1.5,	0.5,	13.4435	
-2,	-1.5,	1,	12.7258	
-2,	-1.5,	1.5,	11.7488	
-2,	-1.5,	2,	10.6953	
-2,	-1,	-2,	11.4116	
-2,	-1,	-1.5,	12.7194	
-2,	-1,	-1,	13.9875	
-2,	-1,	-0.5,	14.9583	
-2,	-1,	0,	15.3298	
-2,	-1,	0.5,	14.9588	
-2,	-1,	1,	13.9885	
-2,	-1,	1.5,	12.7208	
-2,	-1,	2,	11.4133	
-2,	-0.5,	-2,	11.9183	
-2,	-0.5,	-1.5,	13.4325	
-2,	-0.5,	-1,	14.9524	
-2,	-0.5,	-0.5,	16.1547	
-2,	-0.5,	0,	16.6238	
-2,	-0.5,	0.5,	16.1538	
-2,	-0.5,	1,	14.9518	
-2,	-0.5,	1.5,	13.4329	
-2,	-0.5,	2,	11.9194	
-2,	0,	-2,	12.1019	
-2,	0,	-1.5,	13.697	
-2,	0,	-1,	15.3195	
-2,	0,	-0.5,	16.6194	
-2,	0,	0,	17.1303	
-2,	0,	0.5,	16.6175	
-2,	0,	1,	15.3178	
-2,	0,	1.5,	13.6966	
-2,	0,	2,	12.1026	
-2,	0.5,	-2,	11.9156	
-2,	0.5,	-1.5,	13.4288	
-2,	0.5,	-1,	14.9475	
-2,	0.5,	-0.5,	16.1484	
-2,	0.5,	0,	16.6165	
-2,	0.5,	0.5,	16.1468	
-2,	0.5,	1,	14.9461	
-2,	0.5,	1.5,	13.4286	
-2,	0.5,	2,	11.9163	
-2,	1,	-2,	11.4065	
-2,	1,	-1.5,	12.7127	
-2,	1,	-1,	13.9788	
-2,	1,	-0.5,	14.9473	
-2,	1,	0,	15.3172	
-2,	1,	0.5,	14.9466	
-2,	1,	1,	13.9784	
-2,	1,	1.5,	12.7132	
-2,	1,	2,	11.4076	
-2,	1.5,	-2,	10.6866	
-2,	1.5,	-1.5,	11.7381	
-2,	1.5,	-1,	12.713	
-2,	1.5,	-0.5,	13.429	
-2,	1.5,	0,	13.6959	
-2,	1.5,	0.5,	13.4291	
-2,	1.5,	1,	12.7135	
-2,	1.5,	1.5,	11.7391	
-2,	1.5,	2,	10.6879	
-2,	2,	-2,	9.87496	
-2,	2,	-1.5,	10.6867	
-2,	2,	-1,	11.4068	
-2,	2,	-0.5,	11.9157	
-2,	2,	0,	12.1012	
-2,	2,	0.5,	11.9162	
-2,	2,	1,	11.4077	
-2,	2,	1.5,	10.6879	
-2,	2,	2,	9.87644	
-1.5,	-2,	-2,	10.6927	
-1.5,	-2,	-1.5,	11.7463	
-1.5,	-2,	-1,	12.7242	
-1.5,	-2,	-0.5,	13.4437	
-1.5,	-2,	0,	13.713	
-1.5,	-2,	0.5,	13.4457	
-1.5,	-2,	1,	12.7272	
-1.5,	-2,	1.5,	11.7494	
-1.5,	-2,	2,	10.6954	
-1.5,	-1.5,	-2,	11.7419	
-1.5,	-1.5,	-1.5,	13.1822	
-1.5,	-1.5,	-1,	14.6118	
-1.5,	-1.5,	-0.5,	15.7321	
-1.5,	-1.5,	0,	16.1684	
-1.5,	-1.5,	0.5,	15.735	
-1.5,	-1.5,	1,	14.6158	
-1.5,	-1.5,	1.5,	13.1859	
-1.5,	-1.5,	2,	11.7449	
-1.5,	-1,	-2,	12.7131	
-1.5,	-1,	-1.5,	14.6036	
-1.5,	-1,	-1,	16.6238	
-1.5,	-1,	-0.5,	18.33	
-1.5,	-1,	0,	19.0278	
-1.5,	-1,	0.5,	18.332	
-1.5,	-1,	1,	16.6266	
-1.5,	-1,	1.5,	14.6065	
-1.5,	-1,	2,	12.7159	
-1.5,	-0.5,	-2,	13.4253	
-1.5,	-0.5,	-1.5,	15.7132	
-1.5,	-0.5,	-1,	18.3174	
-1.5,	-0.5,	-0.5,	20.6714	
-1.5,	-0.5,	0,	21.6771	
-1.5,	-0.5,	0.5,	20.6683	
-1.5,	-0.5,	1,	18.3151	
-1.5,	-0.5,	1.5,	15.7136	
-1.5,	-0.5,	2,	13.427	
-1.5,	0,	-2,	13.6895	
-1.5,	0,	-1.5,	16.1417	
-1.5,	0,	-1,	19.0051	
-1.5,	0,	-0.5,	21.6687	
-1.5,	0,	0,	22.8256	
-1.5,	0,	0.5,	21.6618	
-1.5,	0,	1,	18.9991	
-1.5,	0,	1.5,	16.1401	
-1.5,	0,	2,	13.6905	
-1.5,	0.5,	-2,	13.4218	
-1.5,	0.5,	-1.5,	15.7083	
-1.5,	0.5,	-1,	18.3099	
-1.5,	0.5,	-0.5,	20.6615	
-1.5,	0.5,	0,	21.6631	
-1.5,	0.5,	0.5,	20.6547	
-1.5,	0.5,	1,	18.3058	
-1.5,	0.5,	1.5,	15.7074	
-1.5,	0.5,	2,	13.4229	
-1.5,	1,	-2,	12.7066	
-1.5,	1,	-1.5,	14.5947	
-1.5,	1,	-1,	16.6112	
-1.5,	1,	-0.5,	18.3121	
-1.5,	1,	0,	19.0043	
-1.5,	1,	0.5,	18.3097	
-1.5,	1,	1,	16.6105	
-1.5,	1,	1.5,	14.5955	
-1.5,	1,	2,	12.7083	
-1.5,	1.5,	-2,	11.7331	
-1.5,	1.5,	-1.5,	13.1705	
-1.5,	1.5,	-1,	14.596	
-1.5,	1.5,	-0.5,	15.7109	
-1.5,	1.5,	0,	16.1433	
-1.5,	1.5,	0.5,	15.7113	
-1.5,	1.5,	1,	14.5972	
-1.5,	1.5,	1.5,	13.1724	
-1.5,	1.5,	2,	11.7353	
-1.5,	2,	-2,	10.6828	
-1.5,	2,	-1.5,	11.7335	
-1.5,	2,	-1,	12.7077	
-1.5,	2,	-0.5,	13.4236	
-1.5,	2,	0,	13.6908	
-1.5,	2,	0.5,	13.4246	
-1.5,	2,	1,	12.7095	
-1.5,	2,	1.5,	11.7357	
-1.5,	2,	2,	10.685	
-1,	-2,	-2,	11.4096	
-1,	-2,	-1.5,	12.7176	
-1,	-2,	-1,	13.9877	
-1,	-2,	-0.5,	14.9625	
-1,	-2,	0,	15.3376	
-1,	-2,	0.5,	14.9664	
-1,	-2,	1,	13.993	
-1,	-2,	1.5,	12.7225	
-1,	-2,	2,	11.4133	
-1,	-1.5,	-2,	12.7112	
-1,	-1.5,	-1.5,	14.6014	
-1,	-1.5,	-1,	16.6232	
-1,	-1.5,	-0.5,	18.3357	
-1,	-1.5,	0,	19.0412	
-1,	-1.5,	0.5,	18.3441	
-1,	-1.5,	1,	16.6325	
-1,	-1.5,	1.5,	14.6083	
-1,	-1.5,	2,	12.7159	
-1,	-1,	-2,	13.9706	
-1,	-1,	-1.5,	16.6083	
-1,	-1,	-1,	19.7848	
-1,	-1,	-0.5,	22.8697	
-1,	-1,	0,	24.2411	
-1,	-1,	0.5,	22.8851	
-1,	-1,	1,	19.7957	
-1,	-1,	1.5,	16.6154	
-1,	-1,	2,	13.9753	
-1,	-0.5,	-2,	14.9325	
-1,	-0.5,	-1.5,	18.2983	
-1,	-0.5,	-1,	22.8404	
-1,	-0.5,	-0.5,	27.5595	
-1,	-0.5,	0,	29.5532	
-1,	-0.5,	0.5,	27.543	
-1,	-0.5,	1,	22.8356	
-1,	-0.5,	1.5,	18.3002	
-1,	-0.5,	2,	14.9357	
-1,	0,	-2,	15.2988	
-1,	0,	-1.5,	18.9856	
-1,	0,	-1,	24.1985	
-1,	0,	-0.5,	29.5576	
-1,	0,	0,	31.9577	
-1,	0,	0.5,	29.5663	
-1,	0,	1,	24.1848	
-1,	0,	1.5,	18.9825	
-1,	0,	2,	15.3006	
-1,	0.5,	-2,	14.9283	
-1,	0.5,	-1.5,	18.2923	
-1,	0.5,	-1,	22.8276	
-1,	0.5,	-0.5,	27.5613	
-1,	0.5,	0,	29.6031	
-1,	0.5,	0.5,	27.5413	
-1,	0.5,	1,	22.8223	
-1,	0.5,	1.5,	18.2918	
-1,	0.5,	2,	14.9304	
-1,	1,	-2,	13.9625	
-1,	1,	-1.5,	16.5975	
-1,	1,	-1,	19.7695	
-1,	1,	-0.5,	22.8433	
-1,	1,	0,	24.2037	
-1,	1,	0.5,	22.8383	
-1,	1,	1,	19.7707	
-1,	1,	1.5,	16.6004	
-1,	1,	2,	13.9657	
-1,	1.5,	-2,	12.7001	
-1,	1.5,	-1.5,	14.586	
-1,	1.5,	-1,	16.6008	
-1,	1.5,	-0.5,	18.3014	
-1,	1.5,	0,	18.9956	
-1,	1.5,	0.5,	18.3038	
-1,	1.5,	1,	16.6049	
-1,	1.5,	1.5,	14.5902	
-1,	1.5,	2,	12.7039	
-1,	2,	-2,	11.3971	
-1,	2,	-1.5,	12.7008	
-1,	2,	-1,	13.9649	
-1,	2,	-0.5,	14.9329	
-1,	2,	0,	15.304	
-1,	2,	0.5,	14.9354	
-1,	2,	1,	13.9687	
-1,	2,	1.5,	12.7048	
-1,	2,	2,	11.4006	
-0.5,	-2,	-2,	11.9141	
-0.5,	-2,	-1.5,	13.4283	
-0.5,	-2,	-1,	14.9513	
-0.5,	-2,	-0.5,	16.1618	
-0.5,	-2,	0,	16.6389	
-0.5,	-2,	0.5,	16.1677	
-0.5,	-2,	1,	14.959	
-0.5,	-2,	1.5,	13.4347	
-0.5,	-2,	2,	11.9187	
-0.5,	-1.5,	-2,	13.4198	
-0.5,	-1.5,	-1.5,	15.7055	
-0.5,	-1.5,	-1,	18.3117	
-0.5,	-1.5,	-0.5,	20.6876	
-0.5,	-1.5,	0,	21.7235	
-0.5,	-1.5,	0.5,	20.7052	
-0.5,	-1.5,	1,	18.3294	
-0.5,	-1.5,	1.5,	15.7164	
-0.5,	-1.5,	2,	13.4261	
-0.5,	-1,	-2,	14.9273	
-0.5,	-1,	-1.5,	18.2869	
-0.5,	-1,	-1,	22.8171	
-0.5,	-1,	-0.5,	27.576	
-0.5,	-1,	0,	29.6566	
-0.5,	-1,	0.5,	27.6181	
-0.5,	-1,	1,	22.8535	
-0.5,	-1,	1.5,	18.3017	
-0.5,	-1,	2,	14.9344	
-0.5,	-0.5,	-2,	16.1175	
-0.5,	-0.5,	-1.5,	20.6157	
-0.5,	-0.5,	-1,	27.4806	
-0.5,	-0.5,	-0.5,	34.4161	
-0.5,	-0.5,	0,	37.377	
-0.5,	-0.5,	0.5,	34.469	
-0.5,	-0.5,	1,	27.4891	
-0.5,	-0.5,	1.5,	20.6261	
-0.5,	-0.5,	2,	16.1231	
-0.5,	0,	-2,	16.581	
-0.5,	0,	-1.5,	21.6142	
-0.5,	0,	-1,	29.5429	
-0.5,	0,	-0.5,	37.2957	
-0.5,	0,	0,	40.8248	
-0.5,	0,	0.5,	37.3332	
-0.5,	0,	1,	29.5435	
-0.5,	0,	1.5,	21.6151	
-0.5,	0,	2,	16.5846	
-0.5,	0.5,	-2,	16.1128	
-0.5,	0.5,	-1.5,	20.6132	
-0.5,	0.5,	-1,	27.563	
-0.5,	0.5,	-0.5,	34.3828	
-0.5,	0.5,	0,	37.3575	
-0.5,	0.5,	0.5,	34.5119	
-0.5,	0.5,	1,	27.5388	
-0.5,	0.5,	1.5,	20.616	
-0.5,	0.5,	2,	16.117	
-0.5,	1,	-2,	14.9172	
-0.5,	1,	-1.5,	18.2749	
-0.5,	1,	-1,	22.8065	
-0.5,	1,	-0.5,	27.5251	
-0.5,	1,	0,	29.6308	
-0.5,	1,	0.5,	27.5706	
-0.5,	1,	1,	22.8192	
-0.5,	1,	1.5,	18.2829	
-0.5,	1,	2,	14.9231	
-0.5,	1.5,	-2,	13.4058	
-0.5,	1.5,	-1.5,	15.6852	
-0.5,	1.5,	-1,	18.2797	
-0.5,	1.5,	-0.5,	20.63	
-0.5,	1.5,	0,	21.6417	
-0.5,	1.5,	0.5,	20.6418	
-0.5,	1.5,	1,	18.2917	
-0.5,	1.5,	1.5,	15.6938	
-0.5,	1.5,	2,	13.4119	
-0.5,	2,	-2,	11.8988	
-0.5,	2,	-1.5,	13.4067	
-0.5,	2,	-1,	14.9204	
-0.5,	2,	-0.5,	16.1196	
-0.5,	2,	0,	16.5906	
-0.5,	2,	0.5,	16.1252	
-0.5,	2,	1,	14.9278	
-0.5,	2,	1.5,	13.4132	
-0.5,	2,	2,	11.904	
0,	-2,	-2,	12.0952	
0,	-2,	-1.5,	13.6895	
0,	-2,	-1,	15.3149	
0,	-2,	-0.5,	16.6246	
0,	-2,	0,	17.1453	
0,	-2,	0.5,	16.6304	
0,	-2,	1,	15.3227	
0,	-2,	1.5,	13.696	
0,	-2,	2,	12.0999	
0,	-1.5,	-2,	13.6799	
0,	-1.5,	-1.5,	16.1272	
0,	-1.5,	-1,	18.9908	
0,	-1.5,	-0.5,	21.685	
0,	-1.5,	0,	22.8889	
0,	-1.5,	0.5,	21.7037	
0,	-1.5,	1,	19.0104	
0,	-1.5,	1.5,	16.1387	
0,	-1.5,	2,	13.6864	
0,	-1,	-2,	15.2868	
0,	-1,	-1.5,	18.9586	
0,	-1,	-1,	24.1365	
0,	-1,	-0.5,	29.5936	
0,	-1,	0,	31.9299	
0,	-1,	0.5,	29.6277	
0,	-1,	1,	24.1822	
0,	-1,	1.5,	18.9761	
0,	-1,	2,	15.2944	
0,	-0.5,	-2,	16.5715	
0,	-0.5,	-1.5,	21.5856	
0,	-0.5,	-1,	29.5031	
0,	-0.5,	-0.5,	37.4098	
0,	-0.5,	0,	40.2572	
0,	-0.5,	0.5,	37.2921	
0,	-0.5,	1,	29.5194	
0,	-0.5,	1.5,	21.6	
0,	-0.5,	2,	16.5781	
0,	0,	-2,	17.0756	
0,	0,	-1.5,	22.7405	
0,	0,	-1,	31.7363	
0,	0,	-0.5,	40.4511	
0,	0,	0,	44.0585	
0,	0,	0.5,	40.5525	
0,	0,	1,	31.8473	
0,	0,	1.5,	22.7418	
0,	0,	2,	17.0808	
0,	0.5,	-2,	16.5648	
0,	0.5,	-1.5,	21.583	
0,	0.5,	-1,	29.419	
0,	0.5,	-0.5,	37.106	
0,	0.5,	0,	40.1627	
0,	0.5,	0.5,	37.0641	
0,	0.5,	1,	29.591	
0,	0.5,	1.5,	21.5918	
0,	0.5,	2,	16.5717	
0,	1,	-2,	15.273	
0,	1,	-1.5,	18.9382	
0,	1,	-1,	24.1039	
0,	1,	-0.5,	29.4926	
0,	1,	0,	31.9349	
0,	1,	0.5,	29.57	
0,	1,	1,	24.1561	
0,	1,	1.5,	18.9556	
0,	1,	2,	15.2823	
0,	1.5,	-2,	13.6621	
0,	1.5,	-1.5,	16.0987	
0,	1.5,	-1,	18.9413	
0,	1.5,	-0.5,	21.5944	
0,	1.5,	0,	22.7698	
0,	1.5,	0.5,	21.6216	
0,	1.5,	1,	18.9656	
0,	1.5,	1.5,	16.1134	
0,	1.5,	2,	13.671	
0,	2,	-2,	12.0771	
0,	2,	-1.5,	13.6627	
0,	2,	-1,	15.2753	
0,	2,	-0.5,	16.5701	
0,	2,	0,	17.0845	
0,	2,	0.5,	16.5793	
0,	2,	1,	15.2868	
0,	2,	1.5,	13.6722	
0,	2,	2,	12.084	
0.5,	-2,	-2,	11.9069	
0.5,	-2,	-1.5,	13.4185	
0.5,	-2,	-1,	14.9383	
0.5,	-2,	-0.5,	16.1452	
0.5,	-2,	0,	16.6194	
0.5,	-2,	0.5,	16.1485	
0.5,	-2,	1,	14.9433	
0.5,	-2,	1.5,	13.4232	
0.5,	-2,	2,	11.9107	
0.5,	-1.5,	-2,	13.4094	
0.5,	-1.5,	-1.5,	15.69	
0.5,	-1.5,	-1,	18.2893	
0.5,	-1.5,	-0.5,	20.6551	
0.5,	-1.5,	0,	21.6795	
0.5,	-1.5,	0.5,	20.6615	
0.5,	-1.5,	1,	18.2985	
0.5,	-1.5,	1.5,	15.6971	
0.5,	-1.5,	2,	13.4143	
0.5,	-1,	-2,	14.912	
0.5,	-1,	-1.5,	18.2611	
0.5,	-1,	-1,	22.7754	
0.5,	-1,	-0.5,	27.5399	
0.5,	-1,	0,	29.5686	
0.5,	-1,	0.5,	27.5254	
0.5,	-1,	1,	22.7863	
0.5,	-1,	1.5,	18.2692	
0.5,	-1,	2,	14.9175	
0.5,	-0.5,	-2,	16.0961	
0.5,	-0.5,	-1.5,	20.5726	
0.5,	-0.5,	-1,	27.4401	
0.5,	-0.5,	-0.5,	34.1279	
0.5,	-0.5,	0,	37.2184	
0.5,	-0.5,	0.5,	34.4248	
0.5,	-0.5,	1,	27.4527	
0.5,	-0.5,	1.5,	20.5762	
0.5,	-0.5,	2,	16.1013	
0.5,	0,	-2,	16.5548	
0.5,	0,	-1.5,	21.5563	
0.5,	0,	-1,	29.3524	
0.5,	0,	-0.5,	36.965	
0.5,	0,	0,	40.6827	
0.5,	0,	0.5,	37.2722	
0.5,	0,	1,	29.4002	
0.5,	0,	1.5,	21.5575	
0.5,	0,	2,	16.5607	
0.5,	0.5,	-2,	16.0856	
0.5,	0.5,	-1.5,	20.55	
0.5,	0.5,	-1,	27.3504	
0.5,	0.5,	-0.5,	34.2701	
0.5,	0.5,	0,	37.3193	
0.5,	0.5,	0.5,	34.3501	
0.5,	0.5,	1,	27.4455	
0.5,	0.5,	1.5,	20.5685	
0.5,	0.5,	2,	16.095	
0.5,	1,	-2,	14.8937	
0.5,	1,	-1.5,	18.2244	
0.5,	1,	-1,	22.6809	
0.5,	1,	-0.5,	27.3647	
0.5,	1,	0,	29.4244	
0.5,	1,	0.5,	27.4474	
0.5,	1,	1,	22.7491	
0.5,	1,	1.5,	18.2492	
0.5,	1,	2,	14.9054	
0.5,	1.5,	-2,	13.3884	
0.5,	1.5,	-1.5,	15.6539	
0.5,	1.5,	-1,	18.2241	
0.5,	1.5,	-0.5,	20.5484	
0.5,	1.5,	0,	21.5595	
0.5,	1.5,	0.5,	20.5808	
0.5,	1.5,	1,	18.2543	
0.5,	1.5,	1.5,	15.6719	
0.5,	1.5,	2,	13.3989	
0.5,	2,	-2,	11.887	
0.5,	2,	-1.5,	13.3885	
0.5,	2,	-1,	14.894	
0.5,	2,	-0.5,	16.0864	
0.5,	2,	0,	16.5568	
0.5,	2,	0.5,	16.097	
0.5,	2,	1,	14.9073	
0.5,	2,	1.5,	13.3993	
0.5,	2,	2,	11.8947	
1,	-2,	-2,	11.3968	
1,	-2,	-1.5,	12.7008	
1,	-2,	-1,	13.9661	
1,	-2,	-0.5,	14.9359	
1,	-2,	0,	15.3076	
1,	-2,	0.5,	14.937	
1,	-2,	1,	13.9681	
1,	-2,	1.5,	12.7034	
1,	-2,	2,	11.3995	
1,	-1.5,	-2,	12.6933	
1,	-1.5,	-1.5,	14.576	
1,	-1.5,	-1,	16.5886	
1,	-1.5,	-0.5,	18.29	
1,	-1.5,	0,	18.9846	
1,	-1.5,	0.5,	18.2887	
1,	-1.5,	1,	16.5895	
1,	-1.5,	1.5,	14.5787	
1,	-1.5,	2,	12.6964	
1,	-1,	-2,	13.9455	
1,	-1,	-1.5,	16.5694	
1,	-1,	-1,	19.7282	
1,	-1,	-0.5,	22.7947	
1,	-1,	0,	24.1469	
1,	-1,	0.5,	22.7748	
1,	-1,	1,	19.721	
1,	-1,	1.5,	16.5706	
1,	-1,	2,	13.9487	
1,	-0.5,	-2,	14.899	
1,	-0.5,	-1.5,	18.2391	
1,	-0.5,	-1,	22.7393	
1,	-0.5,	-0.5,	27.4005	
1,	-0.5,	0,	29.4167	
1,	-0.5,	0.5,	27.3716	
1,	-0.5,	1,	22.7205	
1,	-0.5,	1.5,	18.2392	
1,	-0.5,	2,	14.9027	
1,	0,	-2,	15.2587	
1,	0,	-1.5,	18.9076	
1,	0,	-1,	24.0289	
1,	0,	-0.5,	29.3151	
1,	0,	0,	31.5906	
1,	0,	0.5,	29.3569	
1,	0,	1,	24.037	
1,	0,	1.5,	18.9147	
1,	0,	2,	15.2648	
1,	0.5,	-2,	14.887	
1,	0.5,	-1.5,	18.211	
1,	0.5,	-1,	22.656	
1,	0.5,	-0.5,	27.2636	
1,	0.5,	0,	29.2541	
1,	0.5,	0.5,	27.3587	
1,	0.5,	1,	22.7055	
1,	0.5,	1.5,	18.23	
1,	0.5,	2,	14.8967	
1,	1,	-2,	13.9262	
1,	1,	-1.5,	16.5308	
1,	1,	-1,	19.6446	
1,	1,	-0.5,	22.6457	
1,	1,	0,	24.0116	
1,	1,	0.5,	22.6999	
1,	1,	1,	19.6871	
1,	1,	1.5,	16.5522	
1,	1,	2,	13.9375	
1,	1.5,	-2,	12.6722	
1,	1.5,	-1.5,	14.5404	
1,	1.5,	-1,	16.5291	
1,	1.5,	-0.5,	18.2054	
1,	1.5,	0,	18.8982	
1,	1.5,	0.5,	18.2266	
1,	1.5,	1,	16.552	
1,	1.5,	1.5,	14.5561	
1,	1.5,	2,	12.682	
1,	2,	-2,	11.3772	
1,	2,	-1.5,	12.6718	
1,	2,	-1,	13.925	
1,	2,	-0.5,	14.8845	
1,	2,	0,	15.2548	
1,	2,	0.5,	14.893	
1,	2,	1,	13.9364	
1,	2,	1.5,	12.6817	
1,	2,	2,	11.3845	
1.5,	-2,	-2,	10.6768	
1.5,	-2,	-1.5,	11.726	
1.5,	-2,	-1,	12.6992	
1.5,	-2,	-0.5,	13.4144	
1.5,	-2,	0,	13.6811	
1.5,	-2,	0.5,	13.4146	
1.5,	-2,	1,	12.6999	
1.5,	-2,	1.5,	11.7274	
1.5,	-2,	2,	10.6786	
1.5,	-1.5,	-2,	11.7204	
1.5,	-1.5,	-1.5,	13.1535	
1.5,	-1.5,	-1,	14.5748	
1.5,	-1.5,	-0.5,	15.687	
1.5,	-1.5,	0,	16.1178	
1.5,	-1.5,	0.5,	15.6856	
1.5,	-1.5,	1,	14.5743	
1.5,	-1.5,	1.5,	13.1545	
1.5,	-1.5,	2,	11.7223	
1.5,	-1,	-2,	12.6848	
1.5,	-1,	-1.5,	14.5631	
1.5,	-1,	-1,	16.5693	
1.5,	-1,	-0.5,	18.2627	
1.5,	-1,	0,	18.9509	
1.5,	-1,	0.5,	18.2565	
1.5,	-1,	1,	16.5657	
1.5,	-1,	1.5,	14.5635	
1.5,	-1,	2,	12.6869	
1.5,	-0.5,	-2,	13.3895	
1.5,	-0.5,	-1.5,	15.6584	
1.5,	-0.5,	-1,	18.2387	
1.5,	-0.5,	-0.5,	20.5758	
1.5,	-0.5,	0,	21.575	
1.5,	-0.5,	0.5,	20.5661	
1.5,	-0.5,	1,	18.2344	
1.5,	-0.5,	1.5,	15.6596	
1.5,	-0.5,	2,	13.3925	
1.5,	0,	-2,	13.6481	
1.5,	0,	-1.5,	16.0746	
1.5,	0,	-1,	18.9014	
1.5,	0,	-0.5,	21.5375	
1.5,	0,	0,	22.6971	
1.5,	0,	0.5,	21.5407	
1.5,	0,	1,	18.9077	
1.5,	0,	1.5,	16.0808	
1.5,	0,	2,	13.6533	
1.5,	0.5,	-2,	13.3794	
1.5,	0.5,	-1.5,	15.6388	
1.5,	0.5,	-1,	18.2003	
1.5,	0.5,	-0.5,	20.5149	
1.5,	0.5,	0,	21.5147	
1.5,	0.5,	0.5,	20.5319	
1.5,	0.5,	1,	18.2185	
1.5,	0.5,	1.5,	15.6509	
1.5,	0.5,	2,	13.3871	
1.5,	1,	-2,	12.6684	
1.5,	1,	-1.5,	14.5345	
1.5,	1,	-1,	16.5204	
1.5,	1,	-0.5,	18.1937	
1.5,	1,	0,	18.8832	
1.5,	1,	0.5,	18.2107	
1.5,	1,	1,	16.5394	
1.5,	1,	1.5,	14.5479	
1.5,	1,	2,	12.6771	
1.5,	1.5,	-2,	11.7021	
1.5,	1.5,	-1.5,	13.125	
1.5,	1.5,	-1,	14.5327	
1.5,	1.5,	-0.5,	15.6333	
1.5,	1.5,	0,	16.0641	
1.5,	1.5,	0.5,	15.6435	
1.5,	1.5,	1,	14.5457	
1.5,	1.5,	1.5,	13.1359	
1.5,	1.5,	2,	11.7099	
1.5,	2,	-2,	10.6594	
1.5,	2,	-1.5,	11.7015	
1.5,	2,	-1,	12.6666	
1.5,	2,	-0.5,	13.3757	
1.5,	2,	0,	13.642	
1.5,	2,	0.5,	13.3811	
1.5,	2,	1,	12.6744	
1.5,	2,	1.5,	11.709	
1.5,	2,	2,	10.6655	
2,	-2,	-2,	9.86579	
2,	-2,	-1.5,	10.6755	
2,	-2,	-1,	11.3938	
2,	-2,	-0.5,	11.9014	
2,	-2,	0,	12.0864	
2,	-2,	0.5,	11.9015	
2,	-2,	1,	11.3942	
2,	-2,	1.5,	10.6764	
2,	-2,	2,	9.86708	
2,	-1.5,	-2,	10.6715	
2,	-1.5,	-1.5,	11.7189	
2,	-1.5,	-1,	12.6899	
2,	-1.5,	-0.5,	13.4031	
2,	-1.5,	0,	13.6688	
2,	-1.5,	0.5,	13.4027	
2,	-1.5,	1,	12.6899	
2,	-1.5,	1.5,	11.7197	
2,	-1.5,	2,	10.673	
2,	-1,	-2,	11.3841	
2,	-1,	-1.5,	12.683	
2,	-1,	-1,	13.9417	
2,	-1,	-0.5,	14.9048	
2,	-1,	0,	15.2726	
2,	-1,	0.5,	14.9036	
2,	-1,	1,	13.9411	
2,	-1,	1.5,	12.6838	
2,	-1,	2,	11.3859	
2,	-0.5,	-2,	11.8853	
2,	-0.5,	-1.5,	13.387	
2,	-0.5,	-1,	14.8935	
2,	-0.5,	-0.5,	16.0856	
2,	-0.5,	0,	16.5511	
2,	-0.5,	0.5,	16.0848	
2,	-0.5,	1,	14.8938	
2,	-0.5,	1.5,	13.3889	
2,	-0.5,	2,	11.8879	
2,	0,	-2,	12.065	
2,	0,	-1.5,	13.6447	
2,	0,	-1,	15.2498	
2,	0,	-0.5,	16.5369	
2,	0,	0,	17.0452	
2,	0,	0.5,	16.539	
2,	0,	1,	15.2536	
2,	0,	1.5,	13.649	
2,	0,	2,	12.069	
2,	0.5,	-2,	11.878	
2,	0.5,	-1.5,	13.3753	
2,	0.5,	-1,	14.8754	
2,	0.5,	-0.5,	16.0622	
2,	0.5,	0,	16.5281	
2,	0.5,	0.5,	16.0677	
2,	0.5,	1,	14.883	
2,	0.5,	1.5,	13.3821	
2,	0.5,	2,	11.8834	
2,	1,	-2,	11.3719	
2,	1,	-1.5,	12.6643	
2,	1,	-1,	13.9148	
2,	1,	-0.5,	14.8715	
2,	1,	0,	15.2396	
2,	1,	0.5,	14.8776	
2,	1,	1,	13.9232	
2,	1,	1.5,	12.6719	
2,	1,	2,	11.3779	
2,	1.5,	-2,	10.6572	
2,	1.5,	-1.5,	11.6986	
2,	1.5,	-1,	12.6627	
2,	1.5,	-0.5,	13.3709	
2,	1.5,	0,	13.6367	
2,	1.5,	0.5,	13.3757	
2,	1.5,	1,	12.6697	
2,	1.5,	1.5,	11.7053	
2,	1.5,	2,	10.6628	
2,	2,	-2,	9.85156	
2,	2,	-1.5,	10.6566	
2,	2,	-1,	11.3701	
2,	2,	-0.5,	11.8744	
2,	2,	0,	12.0593	
2,	2,	0.5,	11.8775	
2,	2,	1,	11.3749	
2,	2,	1.5,	10.6617	
2,	2,	2,	9.85612	
